# klip-tpe vs IDL replay -- run_20260906_173000  annulus 1  contrast 6.00e-05
# 2026-09-12 01:28:47   n=178  (exact positions for 178)
# pearson 0.953  spearman 0.956 (p=1.2e-95)  PY = 0.895 IDL + 0.313   median PY/IDL 0.992  rms diff 0.542
# mean IDL 3.754  mean PY 3.671   best IDL 7.777 @row 155 (PY there 6.955)   best PY 7.012 @row 71 (IDL there 7.070)
# top-set overlap: top5 0.40  top10 0.60  top20 0.75
# iter   idl_score   py_score   py_raw   exact  k_idl
    26     2.664     2.479     3.084   Y   8
    51     2.400     2.347     3.220   Y   14
    76     3.402     2.955     3.412   Y   18
   101     2.793     2.491     2.784   Y   4
   126     2.951     3.261     3.489   Y   50
   151     3.707     4.397     5.516   Y   8
   176     2.286     2.685     3.558   Y   5
   201     2.761     3.511     5.229   Y   16
   226     3.421     2.911     3.355   Y   50
   251     3.234     4.586     5.164   Y   6
   276     4.857     4.360     4.833   Y   12
   301     1.480     1.699     4.559   Y   14
   326    -0.290    -0.349    -0.263   Y   1
   351     1.959     1.981     3.426   Y   20
   376     2.782     3.229     3.229   Y   50
   401     2.931     3.598     4.642   Y   13
   426     1.961     0.877     3.652   Y   40
   451     0.278     0.616     0.616   Y   10
   476     4.443     3.825     4.275   Y   14
   501     3.108     2.885     3.589   Y   17
   526     2.187     2.181     2.652   Y   45
   551     4.855     5.194     5.589   Y   19
   576     0.569     2.691     3.172   Y   12
   601     3.958     5.579     6.680   Y   18
   626     2.595     2.247     3.294   Y   25
   651     4.830     4.462     4.541   Y   15
   676     5.337     5.335     6.657   Y   17
   701     3.702     3.821     4.085   Y   14
   726     0.412     0.208     0.681   Y   30
   751     5.024     4.628     5.540   Y   25
   776     2.966     2.602     4.303   Y   40
   801     4.483     4.681     4.681   Y   20
   826     2.958     3.211     3.836   Y   16
   851     4.568     3.265     3.265   Y   11
   876     1.468     1.540     1.769   Y   7
   901     2.235     2.162     2.577   Y   16
   926     2.121     2.135     3.736   Y   11
   951     3.221     2.914     3.357   Y   18
   976     3.121     2.950     2.950   Y   20
  1001     2.164     2.067     2.067   Y   20
  1026     4.648     4.614     5.116   Y   20
  1051     5.022     5.267     5.785   Y   18
  1076     3.174     3.741     4.169   Y   25
  1101     0.693     0.540     0.972   Y   20
  1126     7.016     6.738     8.176   Y   18
  1151     6.155     6.919     7.155   Y   17
  1176     2.282     2.244     2.422   Y   30
  1201     3.533     4.122     5.051   Y   16
  1226     1.264     1.011     1.997   Y   14
  1251     3.984     3.754     4.472   Y   16
  1276     4.935     4.308     4.843   Y   16
  1301     4.786     5.640     6.976   Y   20
  1326     1.544     1.587     2.064   Y   3
  1351     2.380     2.569     3.122   Y   16
  1376     6.439     6.807     8.117   Y   18
  1401     7.227     6.375     6.704   Y   13
  1426     2.976     2.301     2.402   Y   20
  1451     1.119     1.241     2.904   Y   45
  1476     6.289     6.165     7.053   Y   18
  1501     3.742     3.891     4.784   Y   12
  1526     2.345     2.550     3.223   Y   20
  1551     2.995     3.165     3.984   Y   20
  1576     2.719     2.263     4.161   Y   8
  1601     6.279     4.920     6.590   Y   17
  1626     4.992     5.217     5.803   Y   20
  1651     5.033     4.505     5.026   Y   16
  1676     5.944     5.908     7.049   Y   30
  1701     1.106     1.875     2.746   Y   25
  1726     4.655     4.711     5.066   Y   18
  1751     4.224     4.472     4.487   Y   20
  1776     0.769     0.784     1.513   Y   19
  1801     7.070     7.012     7.628   Y   15
  1826     5.346     6.033     6.270   Y   15
  1851     1.667     1.767     1.767   Y   20
  1876     5.749     5.353     5.716   Y   30
  1901     4.157     4.042     5.315   Y   15
  1926     2.518     2.577     2.704   Y   16
  1951     3.008     2.984     3.171   Y   20
  1976     4.262     4.425     5.026   Y   13
  2001     6.128     5.713     7.143   Y   15
  2026     2.720     2.432     2.570   Y   4
  2051     5.019     5.447     5.526   Y   15
  2076     1.768     1.924     3.273   Y   25
  2101     4.115     4.369     5.695   Y   25
  2126     3.605     3.846     6.111   Y   18
  2151     5.056     5.379     6.580   Y   16
  2176     5.879     5.329     6.888   Y   11
  2201     2.022     2.283     2.296   Y   16
  2226     3.374     3.426     4.273   Y   17
  2251     5.223     5.570     7.318   Y   14
  2276     2.159     2.864     3.959   Y   16
  2301     5.716     4.588     5.402   Y   25
  2326     5.991     5.954     6.966   Y   18
  2351     4.651     4.686     6.150   Y   35
  2376     0.999     0.870     1.723   Y   4
  2401     4.599     3.616     4.754   Y   12
  2426     4.446     4.129     4.520   Y   19
  2451     5.020     4.715     5.760   Y   20
  2476     5.695     5.460     6.444   Y   17
  2501    -0.053    -0.081    -0.047   Y   25
  2526     0.198     0.225     1.508   Y   20
  2551     3.276     3.283     3.800   Y   20
  2576     5.599     6.033     6.765   Y   15
  2601     1.149     1.394     1.655   Y   35
  2626     4.927     5.153     5.704   Y   25
  2651     1.845     1.559     1.559   Y   17
  2676     3.694     3.431     4.113   Y   14
  2701     6.219     5.012     5.277   Y   16
  2726     2.835     2.695     3.421   Y   13
  2751     2.401     2.287     3.602   Y   30
  2776     6.452     6.581     6.588   Y   15
  2801     4.559     4.161     4.962   Y   15
  2826     3.386     3.510     4.368   Y   18
  2851     3.648     3.364     3.364   Y   30
  2876     4.127     4.119     4.693   Y   18
  2901     3.230     3.505     4.199   Y   17
  2926     3.484     3.410     5.616   Y   12
  2951     0.389     0.310     1.868   Y   12
  2976     5.936     5.736     6.251   Y   20
  3001     4.117     4.021     4.179   Y   14
  3026     5.751     5.410     5.792   Y   14
  3051     4.353     4.837     5.687   Y   15
  3076     5.529     4.777     5.440   Y   25
  3101     3.076     3.346     3.787   Y   16
  3126     3.782     3.281     4.236   Y   16
  3151     4.889     4.415     5.558   Y   25
  3176     2.792     3.124     5.115   Y   25
  3201     1.189     1.341     3.078   Y   15
  3226     4.504     4.795     5.717   Y   15
  3251     1.675     1.887     2.818   Y   15
  3276     6.719     6.196     6.610   Y   14
  3301     5.266     5.287     5.877   Y   20
  3326     2.151     1.934     2.497   Y   45
  3351     1.350     1.225     1.773   Y   20
  3376     2.040     2.148     3.809   Y   19
  3401     6.957     6.556     7.470   Y   17
  3426     5.470     4.899     4.899   Y   18
  3451     5.761     5.319     5.674   Y   16
  3476     5.475     5.431     6.400   Y   20
  3501     4.290     4.172     5.933   Y   17
  3526     4.161     4.274     4.274   Y   13
  3551     0.877     1.126     1.126   Y   19
  3576     6.280     5.896     6.813   Y   16
  3601     6.827     5.025     5.972   Y   16
  3626     3.104     3.103     3.426   Y   19
  3651     3.407     3.333     5.452   Y   20
  3676     3.318     3.135     3.135   Y   17
  3701     1.022     1.180     1.180   Y   12
  3726     3.883     3.351     4.416   Y   18
  3751     6.760     6.650     7.611   Y   20
  3776     4.825     5.197     7.732   Y   30
  3801     7.141     4.470     5.757   Y   16
  3826     6.606     6.745     7.481   Y   20
  3851     2.913     2.433     3.238   Y   17
  3876     3.294     3.211     3.616   Y   40
  3901     7.777     6.955     7.908   Y   14
  3926     5.371     5.600     6.551   Y   9
  3951     4.018     3.422     3.629   Y   20
  3976     3.503     3.054     3.979   Y   40
  4001     1.788     2.033     2.432   Y   9
  4026     4.554     4.248     4.560   Y   15
  4051     6.888     6.329     6.502   Y   14
  4076     2.605     2.708     2.708   Y   20
  4101     1.905     1.848     2.424   Y   15
  4126     5.249     4.992     5.161   Y   10
  4151     2.852     3.177     4.424   Y   12
  4176     2.075     2.391     3.152   Y   13
  4201     4.082     3.234     4.296   Y   25
  4226     0.660     0.644     0.894   Y   11
  4251     4.385     4.211     5.266   Y   20
  4276     4.389     4.198     4.797   Y   19
  4301     4.705     3.887     5.139   Y   15
  4326     3.709     3.255     4.784   Y   20
  4351     5.452     5.869     5.922   Y   25
  4376     5.811     4.014     5.089   Y   16
  4401     4.635     4.596     5.060   Y   15
  4426     3.776     3.950     4.166   Y   20
  4451     5.106     4.452     4.947   Y   20
